0 -0.257117 -6.46787e-17 -0.257117
0.816327 0.129196 0.816327 -0.072706
1.63265 0.211343 1.63265 0.0873362
2.44898 0.087205 2.44898 0.218807
3.26531 0.501589 3.26531 0.329876
4.08163 0.381911 4.08163 0.415531
4.89796 0.299877 4.89796 0.487908
5.71429 0.553944 5.71429 0.555764
6.53061 0.798528 6.53061 0.609053
7.34694 0.590864 7.34694 0.637529
8.16327 0.68073 8.16327 0.64987
8.97959 0.535913 8.97959 0.65007
9.79592 0.645169 9.79592 0.6452
10.6122 0.65577 10.6122 0.630906
11.4286 0.515328 11.4286 0.602825
12.2449 0.743157 12.2449 0.559066
13.0612 0.618647 13.0612 0.48897
13.8776 0.219947 13.8776 0.400265
14.6939 0.261218 14.6939 0.313623
15.5102 0.211492 15.5102 0.231692
16.3265 0.169558 16.3265 0.151879
17.1429 0.0417625 17.1429 0.069576
17.9592 -0.00383588 17.9592 -0.01806
18.7755 0.110867 18.7755 -0.116659
19.5918 -0.323423 19.5918 -0.23044
20.4082 -0.541653 20.4082 -0.340884
21.2245 -0.326712 21.2245 -0.438766
22.0408 -0.424885 22.0408 -0.534928
22.8571 -0.558368 22.8571 -0.629002
23.6735 -0.98793 23.6735 -0.709615
24.4898 -0.711189 24.4898 -0.758318
25.3061 -0.804832 25.3061 -0.78446
26.1224 -0.643104 26.1224 -0.792655
26.9388 -0.72562 26.9388 -0.789537
27.7551 -0.877275 27.7551 -0.766772
28.5714 -1.00757 28.5714 -0.709617
29.3878 -0.464726 29.3878 -0.614343
30.2041 -0.584218 30.2041 -0.506978
31.0204 -0.246512 31.0204 -0.398579
31.8367 0.00853804 31.8367 -0.307922
32.6531 -0.378126 32.6531 -0.238598
33.4694 -0.477682 33.4694 -0.162571
34.2857 -0.0999345 34.2857 -0.0657506
35.102 0.350463 35.102 0.0344614
35.9184 0.109695 35.9184 0.117249
36.7347 0.330134 36.7347 0.19338
37.551 0.0546676 37.551 0.272857
38.3673 0.232056 38.3673 0.379366
39.1837 0.481623 39.1837 0.514797
40 0.666339 40 0.666339
